activ: 0
do1: 0.674147851088815
do2: 0.47724395258846475
lr: 0.0065077132638560065
wd: 0.003750436129294801
